0.042422697
0.046728313
0.049447834
0.045134485
0.049241792
0.043839086
0.04097553
0.041329578
0.041247427
0.042814426
0.04343399
0.049092848
0.053057764
0.0698838
0.03982864
0.04534661
0.067156665
0.049700916
0.048913173
0.043239493
0.042723216
0.059417557
0.037194263
0.042516045
0.054781675
0.06993892
0.039635297
0.031861104
0.032806784
0.03524036
0.040579524
0.054822087
0.047583975
0.042189308
0.03484339
0.052271813
0.036891766
0.077255994
0.03748861
0.04683717
0.051438287
0.054333806
0.037023075
0.047235645
0.03569074
0.03494507
0.04376904
0.0310843
0.05529265
0.032709397
0.03424464
0.05620133
0.0569593
0.037689455
0.051651545
0.03533798
0.036450453
0.031554177
0.04723748
0.035014607
0.055817116
0.06258131
0.03975878
0.042980317
0.046214946
0.045165025
0.038926013
0.07032873
0.03064751
0.03786671
0.039422825
0.050828166
0.054661132
0.053981937
0.059092157
0.05107015
0.053909753
0.046852916
0.042146374
0.06109107
0.046746098
0.04808326
0.040378615
0.044178635
0.06216882
0.0551607
0.04008192
0.037540983
0.04252494
0.04291254
0.049498104
0.07962286
0.061287917
0.053104922
0.033319723
0.06296395
0.04894913
0.046844877
0.033105586
0.06417621
0.074612066
0.0604057
0.04276164
0.035391364
0.034647726
0.04305455
0.046999898
0.04814639
0.050196365
0.039703812
0.047066987
0.05093585
0.038152985
0.06205807
0.05832253
0.039408788
0.052955158
0.041462876
0.042759467
0.04106921
0.047072515
0.061380453
0.03807617
0.048708305
0.033014603
0.04434751
0.03298495
0.034001928
0.04977917
0.055860423
0.050666887
0.06146708
0.038876586
0.053957384
0.042294305
0.06377994
0.05889571
0.051890455
0.04074452
0.038226098
0.05220201
0.047687624
0.06598465
0.050582748
0.043103695
0.053742193
0.034625933
0.05941376
0.04053866
0.042636238
0.043430798
0.040135987
0.054392584
0.043127865
0.048473865
0.03397996
0.043231573
0.064979084
0.044459186
0.04762257
0.030679032
0.036960714
0.045810007
0.049464896
0.05844436
0.037735168
0.037943706
0.05425649
0.031655613
0.04221848
0.03731505
0.054614622
0.05078588
0.041210063
0.043916136
0.03141617
0.036710814
0.04478371
0.04925739
0.050580867
0.058741387
0.0412139
0.04501897
0.0310914
0.055828422
0.04493822
0.042903837
0.045075085
0.028067235
0.027514704
0.054541793
0.047992833
0.0375108
0.035114665
0.049900968
0.06823988
0.093193725
0.044980157
0.04533077
0.046960995
0.06096889
0.06354585
0.04753728
0.0463494
0.05447513
0.04945881
0.040941603
0.04968683
0.03634967
0.051095508
0.05605884
0.04415363
0.041838124
0.039689466
0.038304634
0.051005945
0.046486095
0.040156636
0.033958413
0.069950655
0.05034001
0.04863745
0.043207575
0.057897776
0.061286196
0.046216615
0.036252588
0.047898732
0.041310947
0.040047817
0.04108886
0.052959483
0.04367306
0.0694892
0.064687565
0.049831904
0.043757424
0.02890539
0.045549944
0.07101251
0.03864557
0.032170445
0.05432355
0.0438417
0.032153577
0.03863218
0.0365362
0.054550644
0.050897963
0.052856207
0.04184732
0.029828757
0.03767048
0.05083252
0.056131534
0.054255206
0.03435024
0.056396615
0.042723674
0.03523855
0.03488791
0.06257124
0.05791906
0.045588616
0.032201074
0.056068473
0.041222867
0.04741709
0.044220317
0.044522077
0.03757342
0.060501684
0.04956387
0.035343215
0.044227205
0.063259855
0.04088472
0.06473732
0.040259775
0.0505638
0.054165065
0.060836848
0.047397077
0.03520519
0.035007495
0.04336076
0.07201095
0.047399804
0.04138349
0.061803125
0.049391367
0.046023432
0.072089404
0.03886722
0.04130598
0.032864645
0.059998333
0.05427522
0.039158754
0.054450125
0.044425905
0.043521862
0.052614443
0.033409193
0.05015824
0.053155564
0.050375007
0.047504835
0.050684087
0.037883975
0.04592131
0.04565928
0.067692116
0.05663573
0.04250112
0.04769816
0.04822813
0.041198708
0.045853473
0.038778584
0.05120281
0.055584848
0.048545502
0.04275606
0.066020936
0.033831347
0.042647183
0.052946202
0.056314263
0.04751993
0.03797526
0.06036254
0.0460674
0.04540733
0.040428285
0.053646337
0.0485796
0.04053033
0.041867852
0.049202602
0.03651841
0.055350088
0.03066475
0.05091626
0.04395873
0.05702524
0.041301448
0.054776292
0.08179775
0.047029555
0.035525654
0.04232786
0.058037397
0.07157755
0.045625478
0.053570874
0.044477075
0.032868437
0.03831842
0.040360764
0.04497814
0.05513552
0.048513614
0.034129113
0.053292654
0.07020303
0.06814563
0.072458416
0.0497429
0.040108178
0.04188545
0.037732583
0.039556056
0.06761441
0.04812683
0.044758487
0.04253403
0.05089096
0.04588879
0.037673682
0.046307504
0.064431205
0.04996553
0.033409316
0.047265694
0.054850217
0.052135713
0.046068758
0.026342886
0.05740802
0.05453659
0.047992855
0.060111083
0.049449936
0.037822347
0.040696837
0.055534158
0.048090957
0.051769644
0.039058007
0.04397265
0.042937476
0.058113325
0.06520864
0.06296998
0.048796665
0.08097216
0.032041274
0.027350787
0.03603305
0.05894534
0.046107996
0.033310257
0.049055222
0.033456106
0.062271774
0.031313792
0.054978732
0.027166862
0.054307025
0.04640849
0.04992655
0.0380233
0.040352415
0.044628642
0.04563745
0.03311175
0.057024136
0.050181337
0.05078936
0.051928967
0.06286904
0.039919823
0.07261321
0.05303715
0.046714313
0.060872525
0.06344087
0.039894223
0.05216166
0.04388269
0.06222176
0.04313515
0.07199999
0.049578853
0.07569441
0.039770097
0.033200413
0.061476905
0.056232132
0.0559768
0.04973144
0.034655802
0.05596335
0.039917544
0.047311276
0.043616585
0.031626415
0.027937412
0.030185305
0.055876173
0.04539725
0.042392448
0.05724478
0.054774366
0.041305646
0.03692684
0.05010438
0.046409108
0.04593849
0.07068099
0.04254835
0.046241023
0.043889694
0.046306975
0.054494884
0.038320553
0.044674285
0.042456307
0.032550912
0.051611774
0.04749271
0.06279238
0.036913536
0.03595272
0.055309467
0.047114074
0.043768644
0.053301573
0.051994935
0.052179933
0.038090385
0.07453912
0.046737753
0.04545533
0.05711063
0.05807303
0.034865636
0.037239864
0.042203322
0.05350662
0.06641206
0.060460024
0.020074049
0.051242538
0.06405094
0.03589198
0.046383582
0.0465393
0.042743064
0.053370964
0.06719622
0.04268687
0.04126479
0.049128458
0.038819373
0.051262837
0.051049452
0.06718033
0.038602777
0.052288234
0.049059585
0.046400703
0.049921416
0.055120982
0.04573642
0.05369229
0.050403297
0.060661
0.06036482
0.036087718
0.048716728
0.060715597
0.05085454
0.039086793
0.04906498
0.046722542
0.05444932
0.050223075
0.03890431
0.054735146
0.031631656
0.044199497
0.03409535
0.056538917
0.06771488
0.06574347
0.046115033
0.05626851
0.044978872
0.059760798
0.048185036
0.04355618
0.0656149
0.043604895
0.051320165
0.068409115
0.056629874
0.03412122
0.036263958
0.041401073
0.032477964
0.04836935
0.058840968
0.056691177
0.045131244
0.052869424
0.06374732
0.039481808
0.039026864
0.050257787
0.046714507
0.06372238
0.055877045
0.06311474
0.04233013
0.034020223
0.042222653
0.048770502
0.029093893
0.03977915
0.044110704
0.0314482
0.037874173
0.06875185
0.054496825
0.05254624
0.055199884
0.058486894
0.023700967
0.051267553
0.040248502
0.058148943
0.046565145
0.038576126
0.058130912
0.04593347
0.04987868
0.07200414
0.038976967
0.065832704
0.052951977
0.04798208
0.050359685
0.041967772
0.046121843
0.051824573
0.053825352
0.042950973
0.050019242
0.038571864
0.0484548
0.043984704
0.06572683
0.046577442
0.039770097
0.07193905
0.04265675
0.034689814
0.06368785
0.03530583
0.04577487
0.049114835
0.032887638
0.06388359
0.049572967
0.03802503
0.04410685
0.045074202
0.04431334
0.04179368
0.036596507
0.034431353
0.052923076
0.036546204
0.051775005
0.045214728
0.046461977
0.035384312
0.05286824
0.05039773
0.02959407
0.046519924
0.06404115
0.03934112
0.050080094
0.048770458
0.05217002
0.052397206
0.04474738
0.039034918
0.05105415
0.049889144
0.03857223
0.041622944
0.05887649
0.039568357
0.051607437
0.04959505
0.07088281
0.057681564
0.04478037
0.0463413
0.03607963
0.062849924
0.042853706
0.052071333
0.04340007
0.04810624
0.037199836
0.03380722
0.078077555
0.045221437
0.042803645
0.063094795
0.043395776
0.029577717
0.053448983
0.046216175
0.03712294
0.0424805
0.046092834
0.056613155
0.051656887
0.037515514
0.04500467
0.043621
0.051752113
0.034008995
0.042118505
0.049609702
0.05306492
0.040690627
0.056913994
0.046574622
0.043870635
0.037171893
0.04435406
0.04400598
0.06509477
0.04021436
0.03674692
0.050020613
0.054485694
0.031545103
0.045934454
0.03992422
0.039152227
0.050324664
0.06094107
0.047867574
0.046919223
0.058616653
0.044369016
0.04026673
0.039861307
0.048694573
0.038842306
0.037223138
0.043753434
0.053401742
0.04466559
0.039738763
0.043805525
0.04193952
0.05253675
0.06678675
0.042903125
0.037427846
0.047025006
0.056422435
0.05569853
0.05208914
0.061451353
0.055347793
0.048517603
0.048821256
0.03937334
0.04734388
0.0540967
0.042189002
0.03581845
0.058383625
0.040324192
0.047264744
0.032388274
0.04059397
0.048404202
0.04666756
0.04833793
0.043607943
0.03950756
0.049321387
0.043306157
0.04349291
0.036955923
0.03434465
0.058092177
0.05245612
0.047186814
0.038883794
0.056097962
0.043402724
0.04576247
0.05426596
0.043987595
0.054817647
0.049270943
0.04341004
0.054350767
0.04742252
0.044732086
0.045751687
0.04984387
0.033024512
0.05157861
0.055392474
0.054800525
0.053321294
0.044747368
0.055095613
0.03462542
0.04795789
0.042174533
0.062132485
0.04102981
0.07616463
0.044662043
0.037259053
0.04652918
0.043808077
0.046577167
0.045989834
0.054514043
0.03388607
0.0525407
0.053320263
0.05410868
0.036352783
0.043228872
0.04296318
0.06878115
0.02926127
0.031172045
0.054891624
0.05340047
0.03542483
0.03712096
0.05893738
0.05110345
0.062941134
0.050561137
0.041759845
0.036242906
0.04110883
0.05653104
0.05110097
0.047867127
0.040585503
0.041222427
0.03771828
0.04323591
0.046129726
0.051780406
0.046863127
0.061206676
0.050469384
0.0417137
0.037106324
0.05301011
0.052105434
0.060314942
0.046426237
0.0474198
0.05923941
0.052334256
0.05289246
0.052018523
0.034330927
0.0492324
0.04296664
0.05231057
0.05066611
0.06168834
0.027693229
0.031135308
0.058069356
0.031567946
0.06218841
0.053048223
0.040696256
0.044641085
0.04140313
0.054880146
0.041497372
0.031841576
0.038187772
0.033450678
0.03710548
0.03713767
0.06492603
0.045831077
0.056188922
0.023547716
0.05251339
0.046199936
0.047339838
0.04155047
0.050203368
0.034361497
0.037910342
0.04361428
0.046916302
0.03806308
0.05513578
0.052522324
0.04886271
0.04249458
0.050356112
0.066302136
0.04173615
0.045758985
0.039084602
0.054705676
0.042553153
0.05666602
0.041424297
0.03981414
0.04398691
0.062291447
0.036973536
0.06704453
0.037540674
0.05989811
0.055792015
0.035620775
0.04871542
0.044055067
0.0418892
0.05276604
0.03850199
0.047103565
0.04091972
0.05855176
0.055124115
0.05548116
0.0535061
0.0541742
0.047247827
0.043820262
0.044418633
0.04781662
0.027081527
0.040149793
0.03876495
0.040476605
0.04662573
0.033140413
0.048958287
0.043570664
0.055212915
0.049065765
0.06030237
0.03569261
0.04190281
0.036673907
0.07014255
0.0734081
0.044749822
0.03834106
0.038244493
0.06480256
0.04148909
0.04458534
0.05360627
0.048313692
0.049549066
0.0782883
0.04581976
0.058820665
0.049394097
0.04556948
0.04070566
0.07342599
0.0386447
0.067506544
0.025415782
0.05694311
0.059380487
0.038174704
0.058397375
0.050459407
0.04717913
0.049354568
0.058210127
0.053814575
0.05043623
0.064360514
0.04491973
0.05713415
0.046528686
0.062281072
0.043655597
0.04651637
0.052400604
0.049398404
0.054139357
0.04586974
0.047116257
0.044597786
0.042755865
0.052528273
0.036350004
0.062271006
0.062984556
0.048118822
0.046722464
0.036947712
0.043865584
0.041414246
0.035657857
0.027227266
0.046697192
0.06628515
0.039846875
0.058025103
0.0637916
0.05826371
0.04332762
0.050108913
0.054224618
0.05916439
0.04579957
0.033010907
0.04172076
0.033074673
0.031178612
0.036687512
0.06208897
0.06023059
0.0574605
0.040913835
0.03682712
0.043133594
0.052552108
0.047204755
0.034657225
0.05214303
0.039536074
0.036264703
0.053861517
0.05330668
0.05528104
0.047854252
0.0491288
0.044068098
0.051137943
0.050226767
0.054054275
0.04501354
0.053988963
0.06695142
0.06855333
0.04965065
0.044536725
0.061629206
0.030777097
0.046785694
0.044838645
0.06981833
0.064379245
0.043095134
0.043377228
0.05193027
0.03751313
0.065168515
0.034691434
0.04499507
0.043513265
0.050375395
0.05916772
0.04151693
0.026720382
0.041340828
0.044806696
0.034827963
0.051840145
0.024032168
0.0414557
0.04994239
0.054605726
0.040941454
0.047057524
0.041304242
0.052924074
0.06290871
0.058600277
0.065919295
0.048521668
0.064391546
0.053809926
0.042801857
0.04353401
0.06008393
0.04131829
0.042871542
0.036635317
0.06834173
0.05022727
0.07194043
0.032643773
0.057598095
0.059527308
0.047910113
0.037225652
0.039950974
0.045374837
0.046725526
0.03828176
0.04692894
0.03518161
0.053133395
0.040946845
0.042570524
0.039625
0.06830941
0.05308465
0.043313872
0.050648563
0.050519746
0.04381796
0.048470657
0.061321296
0.06415632
0.044252224
0.062461644
0.038137857
0.046870746
0.045764975
0.050739773
0.06713154
0.03285642
0.048723795
0.03800364
0.0456053
0.059573565
0.02730623
0.037795935
0.05052597
0.044641957
0.050288394
0.041738372
0.05011315
0.047018617
0.045542605
0.044704646
0.055587504
0.04648774
0.053082936
0.048151597
0.043025263
0.0542791
0.03339581
0.04389815
0.060413938
0.04089533
0.05431831
0.07283368
0.035414785
0.034247857
0.04081418
0.037566647
0.044362206
0.0410311
0.05161529
0.04853516
0.03893073
0.049054883
0.050042078
0.03863003
0.037355598
0.05309107
0.037919197
0.039465412
0.044018954
0.04572331
0.052164454
0.031906575
0.043787427
0.030519664
0.047439348
0.03717795
0.049914993
0.04347916
0.051201064
0.0657137
0.05139858
0.052910805
0.05678661
0.04847598
0.045742832
0.044003583
0.041449018
0.0470618
0.07332523
0.04533045
0.051487558
0.039150238
0.03866355
0.045563955
0.04842539
0.033335567
0.046429746
0.058653474
0.04296089
0.05589097
0.039074305
0.05101045
0.05088933
0.032800294
0.068085216
0.043475676
0.043654323
0.045707833
0.05559008
0.05642765
0.041008927
0.051658284
0.033458345
0.04130496
0.060264174
0.042449355
0.05007804
0.036311656
0.03345936
0.05338776
0.035661966
0.049880594
0.050423518
0.03876342
0.05169017
0.047697548
0.051523037
0.053672016
0.039373394
0.053141937
0.06444151
0.06457333
0.046924636
0.042626277
0.04244358
0.04303545
0.051575493
0.053563416
0.03937067
0.06228645
0.04192179
0.03394124
0.044029362
0.061189767
0.05492212
0.040801108
0.07297364
0.045083735
0.05196175
0.030335862
0.046441957
0.032345563
0.04809396
0.027127182
0.05529946
0.038188096
0.024069313
0.042778794
0.051975507
0.058418028
0.025612958
0.04974553
0.047076877
0.04691854
0.0480737
0.043071512
0.04451482
0.043328796
0.038474362
0.0444024
0.037035868
0.033505347
0.04663014
0.049906895
0.036018334
0.039304815
0.040008225
0.029392432
0.039264016
0.044363026
0.03633334
0.03773476
0.03507514
0.05560521
0.03428618
0.051267814
0.033275004
0.04723028
0.040719114
0.04131361
0.044293232
0.037412412
0.039844304
0.04149337
0.035547722
0.039205875
0.03920035
0.033464566
0.047360204
0.03877355
0.042538654
0.04552231
0.030399228
0.04844456
0.039905544
0.04203321
0.03184766
0.039943933
0.044552438
0.055141225
0.043115575
0.043726258
0.046997726
0.040424645
0.035544563
0.053554825
0.0418421
0.03844418
0.040269326
0.035575815
0.043026596
0.042186487
0.04270856
0.044380233
0.041969504
0.052329224
0.036760807
0.039665323
0.03896398
0.05201324
0.035867013
0.04297188
0.028393459
0.030613594
0.049605362
0.03649301
0.05181639
0.038622655
0.045483217
0.034450356
0.052068062
0.0314788
0.044933356
0.03616889
0.040996067
0.03839638
0.038138457
0.04823738
0.04124261
0.043495767
0.048096716
0.03308855
0.04251416
0.04013294
0.040382426
0.030845327
0.0529924
0.03601029
0.038059507
0.0340879
0.039048344
0.0417993
0.03419139
0.03618996
0.037645973
0.04044963
0.03866625
0.026838535
0.037683677
0.0434068
0.034440182
0.038786136
0.044953264
0.031385273
0.059074316
0.034887422
0.05157936
0.04918793
0.047877118
0.056569867
0.05554909
0.042569727
0.046510532
0.03826255
0.043226596
0.045659173
0.054812394
0.043597143
0.03881583
0.033970106
0.045901887
0.054855727
0.045353405
0.041171677
0.035398275
0.03934538
0.03980788
0.044061646
0.03453356
0.05773917
0.049518257
0.054520603
0.032520868
0.051206335
0.038624644
0.0337862
0.063608706
0.027729234
0.033855103
0.034699343
0.034164943
0.03399457
0.04370298
0.040104788
0.037841585
0.035479203
0.056789782
0.03962078
0.042988647
0.03272661
0.035102
0.0328607
0.058550462
0.04589449
0.040568173
0.033807795
0.048866775
0.038837023
0.059645455
0.044528272
0.040889107
0.037391715
0.046565216
0.03859674
0.044342097
0.043833323
0.035220575
0.04606981
0.035353344
0.047594905
0.04588423
0.034772813
0.043163385
0.049036592
0.04354213
0.043462925
0.034830585
0.048999965
0.045464978
0.045122743
0.046352684
0.05359043
0.03985968
0.041537844
0.04076446
0.04665388
0.041022535
0.049591005
0.047942087
0.059711237
0.046441678
0.042684756
0.054440465
0.0411229
0.040974684
0.04448028
0.047558054
0.03991536
0.048751056
0.037663534
0.033832774
0.049315315
0.03522593
0.042782642
0.057922333
0.045922752
0.03526712
0.059980586
0.047007225
0.043178987
0.05509458
0.06494488
0.056665115
0.048224814
0.07443895
0.045768984
0.047463372
0.041345455
0.0362821
0.050031282
0.036285266
0.037936807
0.03557695
0.07111141
0.044831757
0.053499855
0.05480104
0.052470677
0.043635927
0.040083498
0.05001328
0.05417568
0.065198585
0.04534967
0.055011734
0.049636178
0.043125533
0.03833313
0.053518932
0.06536034
0.05147168
0.05757089
0.04439667
0.044676602
0.053701807
0.054280892
0.057932824
0.050303027
0.06726862
0.040568445
0.050579943
0.041079015
0.047790587
0.06092328
0.04456599
0.05766224
0.050627828
0.044234686
0.03773711
0.05652334
0.05426904
0.05439869
0.056227524
0.061554324
0.052543007
0.053619333
0.046417013
0.0701861
0.051589116
0.04202964
0.051476195
0.045517325
0.03438952
0.044878095
0.034296177
0.054112673
0.048357464
0.04189127
0.048853725
0.052332327
0.0564999
0.031894516
0.03896746
0.050690733
0.045682117
0.030724956
0.037117645
0.032200143
0.044493288
0.03746168
0.03923142
0.045574702
0.049362592
0.03117263
0.032242943
0.04723502
0.043922435
0.042043746
0.044842795
0.034954417
0.040394735
0.040651843
0.035875797
0.047847576
0.03737458
0.046477042
0.038739122
0.04417793
0.043338247
0.033529103
0.04693413
0.02960841
0.043987527
0.03951942
0.040724788
0.04416676
0.03503088
0.033640735
0.04475949
0.041658223
0.040771954
0.040786415
0.038364545
0.047152787
0.051787358
0.035852287
0.052524187
0.047595605
0.046164144
0.041901737
0.040103424
0.032171533
0.049697954
0.035607338
0.03981673
0.04249758
0.04508744
0.05641689
0.038708974
0.051682472
0.050511353
0.039237805
0.0506491
0.035042875
0.04748095
0.04740499
0.05289954
0.036094297
0.036247186
0.0447348
0.049325705
0.051829994
0.042713944
0.042775694
0.04622136
0.044243004
0.02458928
0.047298692
0.060058944
0.039688066
0.050528362
0.04121022
0.047677506
0.032448217
0.038266633
0.039734595
0.035393216
0.041768506
0.048704363
0.060880594
0.044278607
0.04412745
0.046887558
0.04651629
0.052235305
0.03721548
0.048923228
0.048080254
0.058402732
0.04004473
0.043608464
0.041778192
0.037819408
0.047123488
0.048577845
0.045691326
0.068658665
0.050720762
0.04038189
0.048541747
0.04071824
0.042543884
0.053221744
0.049867935
0.06266193
0.044517696
0.04589463
0.047033492
0.03854356
0.05166845
0.045282777
0.058164284
0.0588338
0.058052834
0.0522632
0.049321484
0.041967716
0.050686236
0.044017896
0.037114494
0.052424386
0.04455677
0.041341886
0.05552634
0.054145224
0.05169887
0.051196165
0.0480664
0.046819784
0.041070126
0.05921206
0.06921874
0.048220295
0.056441724
0.039703794
0.055503298
0.06731705
0.05506104
0.036418684
0.046590105
0.03770607
0.03874109
0.036685035
0.040811438
0.046338767
0.041559838
0.037778627
0.053829707
0.052980855
0.038685687
0.050876454
0.043709263
0.043371752
0.04628869
0.04716368
0.052282214
0.051011942
0.048775066
0.034873597
0.051319618
0.042025253
0.045383804
0.052909516
0.050197557
0.05534496
0.04734133
0.042406872
0.041001648
0.05065654
0.05528911
0.05193772
0.040382836
0.056221392
0.04057443
0.05414143
0.039297283
0.04548587
0.043421913
0.037774954
0.041487712
0.05514871
0.02786207
0.03691125
0.040966406
0.03813331
0.044581197
0.033548582
0.044448942
0.04584691
0.035145648
0.047426514
0.051949162
0.045506567
0.029144496
0.049405083
0.042659987
0.04708486
0.04470889
0.036810536
0.03526455
0.03474898
0.032943066
0.030729972
0.044096783
0.042707454
0.035587087
0.041982826
0.039076097
0.03147944
0.04122389
0.031637967
0.047915637
0.036919225
0.030370327
0.046995178
0.037608415
0.036156923
0.052392
0.033908527
0.033001915
0.038363647
0.051397964
0.045192335
0.048427038
0.038627703
0.032229524
0.042845473
0.04002645
0.034999385
0.038924977
0.038396448
0.048317906
0.03747036
0.042981736
0.040481996
0.030194588
0.038192052
0.038696013
0.041000567
0.040286697
0.035953626
0.04370302
0.045913078
0.043331534
0.034055017
0.036394138
0.033873435
0.048685342
0.040537577
0.04035759
0.035743453
0.03815305
0.044770047
0.043625824
0.03871823
0.033619676
0.03827122
0.035443913
0.042039014
0.041953806
0.06517752
0.049206715
0.057455428
0.05125454
0.043734826
0.03776779
0.057724036
0.057755508
0.046127245
0.034359895
0.031238768
0.03694633
0.04553446
0.05085495
0.04418217
0.04787962
0.05044076
0.035415366
0.05665493
0.03469879
0.05075787
0.031786717
0.03431858
0.036519486
0.03651263
0.034078483
0.02941475
0.033721797
0.024099244
0.028540552
0.030756954
0.03296033
0.03301509
0.030378237
0.03703496
0.035706904
0.033298798
0.028596707
0.035801336
0.029798072
0.035299428
0.03704557
0.03351818
0.03141112
0.03427242
0.04875919
0.040644996
0.029831406
0.03819265
0.031742316
0.034054205
0.034618493
0.03211088
0.036552988
0.038243264
0.039881747
0.04318686
0.03666042
0.035807796
0.033373665
0.033850297
0.043366395
0.044776864
0.044273153
0.030767776
0.04277737
0.04393414
0.04883733
0.048302013
0.039398707
0.03921853
0.04944548
0.052037932
0.041067716
0.061422445
0.04300698
0.033510353
0.04095141
0.04016953
0.050811995
0.04206141
0.047083944
0.055556476
0.043034557
0.04365874
0.03706947
0.06059793
0.0349504
0.04042603
0.05465606
0.039218217
0.044352293
0.037533887
0.03331343
0.03750774
0.03873322
0.050916374
0.04285527
0.044941183
0.04319203
0.043415464
0.034248866
0.035674985
0.041442376
0.05136923
0.046599545
0.038924344
0.05677013
0.03451506
0.052476253
0.04416555
0.06264496
0.03709851
0.03605953
0.05672396
0.043929614
0.03761632
0.037196178
0.04030543
0.035923038
0.044717237
0.054507837
0.044975735
0.049443536
0.03494534
0.040783644
0.062025987
0.04266695
0.03960611
0.03844993
0.04985164
0.03860837
0.06328247
0.05153359
0.050892174
0.033549786
0.037229113
0.04420516
0.043084905
0.05678852
0.030991651
0.04170723
0.041205004
0.03318231
0.04386308
0.037511226
0.030278742
0.05556585
0.052180916
0.03854865
0.03970692
0.02819363
0.041704588
0.037528474
0.03961336
0.033750013
0.043081276
0.03214736
0.042341873
0.037451416
0.03884221
0.029675625
0.04602689
0.03479355
0.050786503
0.042274408
0.04799346
0.038331587
0.05680964
0.0497419
0.042430937
0.0344392
0.03735676
0.035425887
0.033369135
0.049495477
0.035902493
0.036189985
0.037533715
0.02908545
0.047561087
0.047803827
0.04174531
0.045411102
0.044594165
0.03238949
0.05862043
0.04408828
0.047608767
0.042322922
0.04988508
0.042387024
0.044720385
0.046803467
0.037845723
0.032435793
0.034874823
0.037191406
0.043211576
0.040111907
0.03823519
0.03989567
0.057415687
0.046266396
0.030087173
0.037179325
0.048437305
0.054103047
0.05031798
0.04143261
0.03768639
0.0312872
0.039083987
0.05621776
0.032423683
0.04158029
0.04462803
0.041322652
0.03612307
0.028006108
0.028884996
0.03711263
0.033717826
0.034585215
0.038806126
0.028962959
0.030722734
0.032703888
0.029279636
0.029600194
0.029026555
0.040342044
0.051950768
0.056421097
0.050479382
0.050788626
0.04874745
0.04492624
0.036158033
0.05482738
0.040730596
0.03234952
0.04697132
0.047163732
0.05157865
0.04133348
0.04800089
0.043806225
0.059440985
0.045135796
0.04324601
0.049012158
0.0491008
0.061826404
0.040320504
0.048506875
0.049320646
0.047976814
0.048110522
0.038032413
0.040902466
0.034230277
0.038940318
0.05637239
0.05677246
0.036826205
0.04151704
0.051011354
0.05079416
0.056393713
0.044852987
0.0437405
0.044442873
0.0636889
0.04098393
0.045603827
0.05130366
0.0524828
0.06372985
0.04550475
0.042378668
0.049006317
0.041457336
0.039370716
0.04889123
0.058388397
0.042239465
0.06250174
0.0629793
0.041346088
0.040536642
0.055184096
0.05374845
0.04612712
0.046554834
0.040711336
0.04195072
0.053960487
0.039172128
0.044733122
0.048481107
0.041394494
0.045168485
0.040969938
0.053949114
0.05112361
0.047012735
0.05401248
0.0675842
0.031289704
0.05686513
0.042947747
0.053226713
0.0320689
0.050696313
0.046334848
0.038917534
0.04923223
0.054633517
0.045970164
0.052876756
0.04084158
0.04951261
0.038380723
0.040271938
0.049405504
0.040622387
0.037359126
0.04542441
0.05434068
0.035808574
0.04320439
0.048053022
0.03966377
0.03405466
0.036510374
0.05005996
0.03426835
0.045167
0.032469336
0.046111144
0.04202785
0.064020485
0.037606955
0.07607479
0.039019115
0.054140784
0.05136394
0.043902904
0.043717667
0.05149155
0.037500307
0.043423526
0.045890562
0.06702211
0.038732387
0.0500863
0.05040429
0.042109683
0.040031917
0.05570595
0.06267232
0.057463225
0.043201096
0.03691774
0.04520984
0.03518296
0.05092154
0.032710895
0.03662585
0.036419317
0.050521277
0.039182205
0.03531983
0.031751398
0.034883805
0.033573553
0.04441542
0.034954254
0.03634432
0.03835909
0.03528744
0.03990806
0.03522283
0.033588797
0.030330984
0.05067019
0.034519993
0.04049032
0.037019588
0.031834014
0.031988915
0.037735514
0.03942679
0.029489456
0.038123526
0.035075393
0.045218915
0.037413828
0.030097468
0.03512343
0.042127788
0.03486371
0.038935825
0.040706247
0.027807238
0.032599997
0.03850981
0.0295235
0.046192896
0.03622417
0.031486236
0.055905133
0.03460736
0.04044288
0.034492373
0.029794771
0.042996623
0.04010783
0.042313278
0.060848054
0.044571724
0.033143334
0.04041353
0.030935384
0.028723598
0.03298319
0.031311087
0.029515624
0.048625603
0.029547129
0.044801198
0.04398693
0.037425343
0.036185108
0.036770836
0.039089404
0.03574931
0.039526988
0.04424473
0.048263893
0.04023451
0.033453822
0.040836744
0.03359133
0.0449608
0.039612282
0.0497728
0.031135734
0.03711266
0.04002992
0.03923154
0.030636258
0.046248995
0.049196184
0.038754046
0.050544426
0.052895576
0.049756438
0.054290827
0.051660776
0.044667035
0.04192531
0.033787463
0.06153879
0.058071867
0.042998545
0.046301425
0.040959775
0.044368632
0.056838814
0.036387973
0.063434206
0.059441477
0.033384558
0.061464094
0.03610324
0.04450339
0.044699203
0.049450375
0.062138718
0.048500706
0.049930755
0.05524165
0.035195537
0.048551664
0.055729106
0.04015796
0.044267654
0.030779837
0.040737133
0.036014978
0.038229227
0.045865063
0.04415904
0.041945767
0.04144539
0.047814112
0.039536476
0.041171417
0.04379017
0.033030257
0.048730634
0.041159865
0.045048982
0.04265808
0.0383
0.03918805
0.034829933
0.04022698
0.044277277
0.04348635
0.03406807
0.042525478
0.050868887
0.042407136
0.038056597
0.03930777
0.04688073
0.041625675
0.050894633
0.0441913
0.041533366
0.04001445
0.056768484
0.03725809
0.034011073
0.024201814
0.03949285
0.04074527
0.04847106
0.05850925
0.035666283
0.06331649
0.042698562
0.03917233
0.040120304
0.033970773
0.04249314
0.049950227
0.029356051
0.04121192
0.046599485
0.03976443
0.040539976
0.046497308
0.060330406
0.046983548
0.0513922
0.05085309
0.04918717
0.044647142
0.034971066
0.044550188
0.044830944
0.03076772
0.03597968
0.03220915
0.055488255
0.05559717
0.053606305
0.042117856
0.024355195
0.033681337
0.048851267
0.047271118
0.04530733
0.043587577
0.05805121
0.036429904
0.02682364
0.056912247
0.036368296
0.049688566
0.032959282
0.042244397
0.044200838
0.06223897
0.03590861
0.043356694
0.055976085
0.04078176
0.045154653
0.035253715
0.04054953
0.055244036
0.039174743
0.03784156
0.034411326
0.04383698
0.047200724
0.037385523
0.029129535
0.03643494
0.02822994
0.044280358
0.033677556
0.038849756
0.03555899
0.034648232
0.03933754
0.047230307
0.045934472
0.0498942
0.033671826
0.04859472
0.042602524
0.044956625
0.049917817
0.0446499
0.046227604
0.04910313
0.056617543
0.06257199
0.040864207
0.034240983
0.034785576
0.036991023
0.038992066
0.040485874
0.05864136
0.044948004
0.05464627
0.048469
0.038703497
0.055478685
0.0508992
0.0670088
0.048080325
0.05099714
0.0451863
0.050562985
0.03467286
0.05197399
0.04876017
0.038669854
0.071871996
0.039653026
0.053790376
0.048097655
0.06863915
0.07972671
0.05750101
0.04793858
0.04264514
0.038145714
0.04685659
0.040281583
0.05938808
0.062159173
0.03933578
0.03737852
0.069639236
0.041285858
0.03395766
0.045183852
0.03274121
0.046707977
0.033414327
0.036865532
0.03262367
0.057536043
0.03771856
0.032268494
0.060995106
0.024972985
0.03908469
0.038611054
0.042872958
0.046769675
0.036613245
0.037467815
0.057359386
0.03425519
0.03669987
0.03886473
0.03864559
0.037946932
0.03316889
0.029112935
0.05409418
0.051761825
0.04829055
0.041973926
0.038936384
0.0700635
0.034078337
0.043687616
0.055183325
0.048754357
0.049063593
0.039818313
0.043607295
0.029659903
0.040811654
0.051031955
0.048091643
0.040710624
0.03693698
0.055759743
0.02820059
0.0391348
0.034404323
0.05201739
