19.74462
19.3248
19.079128
19.475517
19.097261
19.601986
19.895355
19.857992
19.866634
19.7047
19.642303
19.110416
18.773111
17.576836
20.018646
19.455154
17.749708
19.056957
19.12634
19.661797
19.713963
18.281452
20.315842
19.735073
18.634247
17.573412
20.03978
20.987995
20.860966
20.550198
19.937532
18.631044
19.245993
19.768578
20.5994
18.837925
20.351307
17.141277
20.281609
19.314695
18.907736
18.669899
20.335876
19.2779
20.495045
20.586742
19.608932
21.09519
18.593925
20.873875
20.674675
18.523134
18.464954
20.258404
18.889767
20.538185
20.403574
21.030033
19.277733
20.57811
18.552927
18.056154
20.026272
19.687904
19.372776
19.472578
20.118202
17.549273
21.15665
20.238026
20.063124
18.959557
18.643814
18.698116
18.305302
18.938929
18.703926
19.313236
19.772999
18.160822
19.323149
19.20066
19.959087
19.56848
18.084873
18.604301
19.991116
20.275545
19.734165
19.69476
19.074715
17.010223
18.14685
18.769253
20.793589
18.02968
19.12315
19.31398
20.821589
17.94686
17.29251
18.209822
19.710058
20.531628
20.623856
19.68041
19.299631
19.194963
19.013878
20.03228
19.293436
18.950365
20.205317
18.092617
18.362236
20.06467
18.781517
19.844007
19.710278
19.885439
19.292925
18.140299
20.21407
19.14457
20.83354
19.551908
20.837442
20.705566
19.050123
18.549559
18.973358
18.134174
20.12372
18.700092
19.757784
17.973759
18.319763
18.869726
19.919909
20.197002
18.843729
19.236544
17.826172
18.980576
19.675457
18.717445
20.626587
18.281729
19.941908
19.722813
19.642624
19.985262
18.665203
19.673021
19.165524
20.708372
19.662592
17.892864
19.540987
19.242472
21.152187
20.343199
19.411
19.07763
18.353174
20.25314
20.229204
18.676083
21.016094
19.765575
20.301762
18.64751
18.96317
19.87057
19.59436
21.04907
20.372662
19.509401
19.095886
18.980738
18.331158
19.870165
19.486647
21.094198
18.552048
19.494442
19.69564
19.481236
21.538605
21.624954
18.653305
19.208836
20.279037
20.565718
19.03951
17.680218
16.326735
19.490393
19.45667
19.303228
18.169518
17.989729
19.250257
19.36016
18.658617
19.078163
19.898952
19.058187
20.415596
18.936773
18.53416
19.570938
19.80488
20.033848
20.188087
18.944393
19.34737
19.983028
20.711128
17.572681
19.001467
19.150892
19.665003
18.393982
18.146975
19.37262
20.427212
19.21736
19.859951
19.994814
19.883362
18.781162
19.618465
17.601427
17.912392
19.045527
19.610085
21.410812
19.435722
17.507252
20.149605
20.94603
18.67072
19.601728
20.94831
20.15111
20.393368
18.652601
18.953596
18.78964
19.803926
21.27425
20.260592
18.959183
18.52853
18.676186
20.661304
18.50807
19.713915
20.550423
20.593853
18.056852
18.392385
19.432037
20.941898
18.533413
19.86922
19.261251
19.564383
19.534847
20.271795
18.202927
19.068949
20.53754
19.563707
18.009317
19.904991
17.909054
19.971888
18.982203
18.683407
18.178932
19.263084
20.554535
20.578993
19.649633
17.446615
19.262835
19.852331
18.110497
19.08409
19.390812
17.441885
20.124767
19.860474
20.853312
18.239208
18.674585
20.092314
18.66061
19.544239
19.633526
18.80955
20.78194
19.017178
18.765114
18.99845
19.253222
18.971884
20.236046
19.40046
19.425312
17.71522
18.489695
19.736597
19.235584
19.187595
19.871765
19.40688
20.134682
18.927662
18.571035
19.159111
19.710625
17.823784
20.727407
19.721699
18.782251
18.514416
19.251842
20.225594
18.212925
19.386665
19.449343
19.953749
18.7252
19.156061
19.9428
19.801796
19.10072
20.395485
18.589417
21.15421
18.952036
19.59015
18.459929
19.86095
18.634674
16.893187
19.296892
20.515182
19.754337
18.38352
17.472832
19.428528
18.731312
19.53924
20.852812
20.186527
19.961008
19.490587
18.606285
19.161964
20.689352
18.753927
17.557041
17.68622
17.419712
19.05329
19.988272
19.79997
20.253437
20.048473
17.720207
19.196728
19.511848
19.733236
18.954193
19.403536
20.260221
19.364088
17.929638
19.033895
20.781927
19.275139
18.628817
18.849247
19.386538
21.813967
18.430874
18.65372
19.208834
18.231054
19.078943
20.243118
19.924995
18.574999
19.199966
18.879848
20.1035
19.588776
19.692236
18.377842
17.877548
18.029264
19.136698
16.937243
20.963505
21.650904
20.45359
18.316105
19.38284
20.794823
19.113749
20.775848
18.077688
21.063244
18.618652
21.680206
18.672039
19.354628
19.037285
20.220104
19.961906
19.524464
19.427387
20.82078
18.460012
19.015177
18.962873
18.866503
18.036232
20.008717
17.410444
18.774797
19.326103
18.176388
17.99691
20.011501
18.847086
19.59767
18.081177
19.672289
17.447277
19.067635
17.229961
20.025036
20.809166
18.13348
18.520754
18.54052
19.05429
20.622843
18.541563
20.008965
19.270954
19.624084
21.020103
21.55874
21.222647
18.548334
19.450306
19.747717
18.443241
18.634827
19.860508
20.34718
19.021843
19.35457
19.398834
17.527575
19.731773
19.370327
19.596975
19.364138
18.657043
20.186283
19.520025
19.74118
20.89497
18.893112
19.25433
18.04153
20.348743
20.463284
18.592606
19.289093
19.60897
18.7532
18.86099
18.845566
20.212448
17.296757
19.323923
19.444754
18.45343
18.380856
20.596626
20.31052
19.767136
18.736525
17.79813
18.205917
22.994251
18.924294
17.955345
20.470629
19.356958
19.342403
19.711945
18.747551
17.747152
19.717659
19.864805
19.10727
20.130117
18.922573
18.94069
17.74818
20.154417
18.83656
19.113361
19.355356
19.037731
18.60743
19.41798
18.721481
18.996012
18.191505
18.21276
20.447008
19.143818
18.187597
18.957302
20.1003
19.112885
19.325336
18.660675
19.011566
20.120625
18.637938
21.019382
19.56643
20.69365
18.497126
17.713758
17.842073
19.382175
18.517946
19.490517
18.256437
19.191479
19.630104
17.850574
19.625248
18.917719
17.66946
18.490145
20.690355
20.42585
19.850485
20.904715
19.174898
18.323801
18.485447
19.475828
18.788555
17.97598
20.056631
20.106964
19.008566
19.326084
17.97768
18.548265
18.019293
19.754107
20.70323
19.765146
19.139027
21.382584
20.024048
19.575161
21.044643
20.23717
17.647757
18.656887
18.815184
18.60122
18.350014
22.272942
18.922174
19.973104
18.375183
19.339993
20.157415
18.37653
19.39931
19.04145
17.447025
20.112522
17.836184
18.781778
19.209808
18.99977
19.791443
19.381535
18.875242
18.710732
19.690872
19.029228
20.157894
19.167233
19.587585
17.843174
19.338844
20.025036
17.450953
19.720724
20.618582
17.980034
20.542137
19.414331
19.108473
20.850275
17.966707
19.06815
20.219906
19.57554
19.481321
19.555256
19.809496
20.386204
20.651062
18.78415
20.39218
18.879398
19.467802
19.349625
20.532494
18.78865
18.99649
21.308556
19.344212
17.956009
20.072136
19.023949
19.139032
18.84639
18.827518
19.512924
20.10607
18.94029
19.040539
20.157854
19.827274
18.321182
20.047121
18.893476
19.066217
17.51519
18.410229
19.509726
19.36092
20.44798
18.037552
19.700718
18.854614
19.645697
19.198586
20.315191
20.730507
17.095339
19.46716
19.705793
18.020664
19.646128
21.310957
18.741205
19.372662
20.324177
19.738705
19.384268
18.491426
18.889317
20.278492
19.488026
19.623646
18.881319
20.704662
19.775871
19.064934
18.772524
19.925657
18.46841
19.339108
19.598864
20.318455
19.551268
19.585485
17.88514
19.97679
20.368393
19.02911
18.657776
21.031282
19.399216
20.008238
20.093039
19.002792
18.1715
19.220186
19.307093
18.34039
19.549805
19.971138
20.015087
19.145796
20.127552
20.312471
19.61048
18.745045
19.52087
20.028458
19.605312
19.794367
18.815968
17.773697
19.695713
20.288654
19.297312
18.506083
18.562162
18.853128
18.135284
18.589596
19.161608
19.13451
20.068579
19.267962
18.688892
19.768608
20.479534
18.357689
19.964945
19.275227
20.916725
19.935987
19.17177
19.33045
19.17772
19.624947
20.053799
19.090248
19.655106
19.636417
20.343761
20.66201
18.379423
18.82264
19.282394
20.122913
18.53113
19.645432
19.415508
18.675325
19.5873
18.631397
19.094692
19.644701
18.668543
19.260754
19.51441
19.41653
19.044483
20.832237
18.895905
18.586092
18.632753
18.751595
19.512926
18.60943
20.626652
19.212
19.7701
18.087414
19.889606
17.203066
19.521215
20.308285
19.343348
19.60506
19.338871
19.393982
18.655516
20.720388
18.815641
18.751677
18.687931
20.415226
19.662863
19.689638
17.645906
21.35767
21.08295
18.62554
18.74515
20.527525
20.32441
18.316692
18.936098
18.031256
18.982431
19.813013
20.428371
19.88125
18.49773
18.936308
19.220226
19.936893
19.869267
20.255085
19.662155
19.380795
18.878944
19.312288
18.152613
18.99032
19.817814
20.326122
18.777012
18.85177
18.21635
19.352966
19.261002
18.294493
18.832739
18.786663
18.85902
20.663746
19.09809
19.68929
18.834705
18.973425
18.11857
21.596867
21.08807
18.38113
21.02814
18.083506
18.773891
19.925056
19.523254
19.85027
18.626448
19.840395
20.990656
20.201359
20.776554
20.326221
20.322456
17.896412
19.409
18.524094
22.301113
18.8179
19.374187
19.268333
19.834843
19.013271
20.659882
20.233025
19.624313
19.307362
20.215565
18.606264
18.817162
19.130825
19.737267
19.000078
17.805325
19.81548
19.415838
20.100546
18.640276
19.731285
18.487373
19.84805
20.020227
19.587368
18.076317
20.341692
17.756966
20.275581
18.24647
18.55488
20.503569
19.143936
19.580643
19.79958
18.797056
20.16577
19.290062
19.901276
18.345201
18.607183
18.579144
18.736568
18.682674
19.276783
19.603851
19.544949
19.224812
21.69387
19.983768
20.136208
19.94856
19.334345
20.817022
19.122337
19.62866
18.600193
19.112814
18.217257
20.49482
19.79817
20.37703
17.560785
17.363161
19.51269
20.183962
20.194912
17.904678
19.841263
19.52868
18.728445
19.179897
19.070246
17.083632
19.410074
18.325302
19.083849
19.43386
19.924053
17.362103
20.149704
17.727142
21.969566
18.466188
18.284163
20.202845
18.356667
18.991179
19.283102
19.087326
18.370615
18.711601
18.993174
17.934404
19.49623
18.451641
19.343393
18.07704
19.620203
19.344543
18.827236
19.083471
18.68547
19.405338
19.288893
19.52747
19.710644
18.81667
20.415556
18.077742
18.02826
19.19745
19.325344
20.344727
19.599363
19.849104
20.49905
21.67056
19.327694
17.806438
20.016659
18.384441
17.972965
18.36662
19.652954
19.02145
18.678635
18.299997
19.411987
20.834026
19.81708
20.825645
21.082035
20.37542
18.090456
18.22243
18.426907
19.901901
20.358925
19.672445
18.8147
19.280743
20.622663
18.848637
20.050667
20.42576
18.707813
18.752783
18.59484
19.221395
19.107239
19.57936
18.933167
19.011248
18.692299
19.48717
18.69755
17.763002
17.660315
19.061352
19.53342
18.122734
21.138325
19.319471
19.504078
17.580906
17.933142
19.67632
19.647984
18.866394
20.278769
17.880222
20.61838
19.488953
19.634384
18.998415
18.299751
19.83835
21.752176
19.856812
19.507172
20.60132
18.873938
22.212673
19.844759
19.035908
18.648218
19.89897
19.29431
19.860655
18.784067
18.033493
18.341602
17.830475
19.161243
17.932312
18.711975
19.705976
19.632315
18.233017
19.859179
19.69891
20.381603
17.67374
19.011204
17.45087
20.882599
18.41652
18.273438
19.216328
20.312178
20.00533
19.452452
19.32506
20.190681
19.306192
20.557444
18.766924
19.898397
19.729511
20.040909
17.675795
18.77091
19.654331
18.97493
18.985989
19.60408
19.165812
18.144487
17.948206
19.56125
18.064465
20.207039
19.311583
19.41527
18.967115
17.751333
20.854399
19.143188
20.22235
19.430449
18.270065
21.657984
20.246151
18.985455
19.52317
19.005922
19.815247
19.021084
19.297901
19.436422
19.517075
18.570827
19.347218
18.771051
19.194492
19.683367
18.674274
20.783682
19.59614
18.209229
19.903866
18.671139
17.397278
20.528755
20.674267
19.91249
20.272577
19.55047
19.889471
18.892817
19.160036
20.117676
19.113777
19.027248
20.15135
20.297047
18.770386
20.23201
20.058437
19.584206
19.419226
18.846853
20.9818
19.607107
21.174805
19.259212
20.317747
19.03829
19.63779
18.92781
17.84404
18.911089
18.785156
18.478142
19.165335
19.417372
19.585722
19.845459
19.293915
17.368067
19.456701
18.903578
20.093258
20.147583
19.434387
19.169868
20.791523
19.352638
18.337662
19.689869
18.547184
20.10169
18.944008
18.954332
20.861824
17.690071
19.638138
19.620329
19.420696
18.570627
18.50568
19.891817
18.8892
20.775557
19.86058
18.220009
19.74189
19.024126
20.420141
20.775425
18.746183
20.49855
19.041285
18.994268
20.13638
18.88652
19.23564
18.900585
18.723122
20.068573
18.766228
17.928944
17.920069
19.306591
19.723827
19.742481
19.682339
18.896166
18.731916
20.068874
18.076664
19.796204
20.713326
19.583178
18.153812
18.623127
19.913881
17.388939
19.480402
18.863762
21.201038
19.351498
20.922455
19.199694
21.686554
18.593391
20.20132
22.205965
19.708317
18.862612
18.355131
21.936005
19.05306
19.292524
19.307156
19.201525
19.6787
19.535557
19.652836
20.168888
19.546537
20.334377
20.76946
19.333935
19.038994
20.455364
20.076143
19.99911
21.338245
20.080654
19.55039
20.41755
20.253185
20.570606
18.569447
20.66941
18.922153
20.79942
19.278395
19.922619
19.85967
19.557228
20.290443
20.01694
19.840815
20.512484
20.08709
20.087702
20.77475
19.266464
20.135246
19.732763
19.438358
21.191977
19.16815
20.01027
19.784676
20.989826
20.006094
19.531887
18.605837
19.67426
19.613178
19.299831
19.95414
20.512869
18.732615
19.804466
20.172295
19.970858
20.509052
19.683231
19.76887
19.715452
19.548706
19.791264
18.833157
20.366753
20.036491
20.113968
18.85946
20.47365
19.688759
21.488419
21.161459
19.065313
20.398504
18.875929
20.15218
19.44209
20.648666
18.854887
21.04042
19.494913
20.43725
19.89318
20.177698
20.20697
19.186762
19.86714
19.636131
19.199446
20.823824
19.735266
19.985592
19.958677
21.128708
18.778465
20.456335
20.215971
20.6946
20.104576
19.808912
20.681435
20.434721
20.263416
19.951456
20.147282
21.733015
20.259068
19.645025
20.649948
20.133837
19.49299
21.053343
18.306614
20.593912
18.89584
19.102015
19.21932
18.49475
18.573832
19.729593
19.345089
20.192862
19.663092
19.425322
18.631813
19.626022
20.130512
20.709633
19.402296
18.62838
19.454502
19.874615
20.53078
20.071663
20.020912
19.579994
20.63819
18.405895
19.072947
18.654993
20.898981
18.927362
20.151957
20.733208
17.985435
21.591223
20.724361
20.61739
20.684795
20.706505
19.615492
19.98864
20.240908
20.520863
18.477898
20.041372
19.687063
20.871592
20.567284
20.853834
18.345297
19.402996
19.938747
20.730434
19.130463
20.128143
18.264826
19.534243
19.904526
20.292847
19.339985
20.155096
19.552439
19.602558
20.552637
19.386438
20.536297
19.244995
19.403969
20.608204
19.669447
19.115398
19.631504
19.639412
20.600994
19.118643
19.443832
19.476646
19.359854
18.729727
20.015263
19.836163
19.917786
19.331724
19.890377
19.06657
19.21343
18.260038
19.351522
19.717873
18.661383
19.879765
19.895445
19.538927
19.24836
20.009201
19.14076
20.26139
20.727226
19.090782
20.551977
19.707926
18.39214
19.400322
20.546902
18.240494
19.298954
19.667877
18.609512
17.895151
18.487442
19.187895
17.302597
19.414888
19.257013
19.856323
20.423677
19.028185
20.423298
20.229996
20.508915
17.501207
19.504744
18.737074
18.632713
18.821434
19.62216
19.990946
19.029747
18.682556
17.87822
19.45486
18.616047
19.062616
19.673256
20.18486
18.735525
17.867458
18.904917
18.418571
19.547098
19.5198
18.72071
18.67413
18.391354
19.004658
17.742476
19.938719
18.980816
19.884401
19.227177
18.172768
19.530565
18.411686
18.976707
19.562973
20.252914
18.498322
18.67508
18.664715
18.52111
18.128016
18.81545
18.727386
19.35383
17.55809
18.89502
19.785046
18.904535
19.438835
20.65634
19.500257
20.668144
18.68761
19.175964
19.799368
19.131624
18.8329
18.500122
20.98344
20.11358
18.971313
19.42314
21.145689
20.324799
20.942022
19.537657
20.284729
20.084263
19.433363
19.08662
21.082869
20.936256
19.277958
19.593737
19.783588
19.503675
20.585583
19.957354
19.929798
20.472586
19.222
20.294838
19.348217
20.139103
19.568548
19.651888
20.766382
19.305712
21.30645
19.587305
20.052494
19.922012
19.569647
20.576092
20.751945
19.511751
19.823593
19.916986
19.915445
20.181301
19.285526
18.878363
20.475433
18.817007
19.244932
19.377554
19.79828
19.988787
20.945885
19.057215
20.505207
20.019947
19.73696
19.480045
18.50651
20.142487
18.887167
18.98671
20.083553
18.974882
20.574606
19.255407
19.26236
18.786081
20.446217
20.427858
19.514147
19.089867
18.874788
19.714905
19.708632
19.372175
19.562157
22.113144
19.27211
18.234823
20.034004
18.985249
19.870552
19.237465
20.908695
20.192398
20.028913
20.531403
19.81211
19.14492
18.175812
19.558662
19.573513
19.310024
19.344551
18.84096
20.313366
19.12545
19.200933
18.356268
19.995148
19.624893
19.811106
20.243454
19.288227
19.156218
19.422264
17.653646
18.968742
19.958736
19.159447
19.922712
19.732231
18.75971
19.042385
18.050562
19.535275
19.402983
19.296528
20.161083
18.888346
19.461271
18.374037
18.324331
18.382366
18.83864
19.090239
19.791449
18.971699
19.584309
20.325167
18.825266
19.531464
19.856699
18.57561
18.685
18.88579
18.928226
19.202185
19.316307
19.885342
18.296497
17.618362
19.188301
18.504597
20.032282
18.577412
17.73935
18.612156
20.40736
19.337666
20.256489
20.138884
20.375711
19.912783
19.361156
19.833862
20.248142
18.71038
18.77941
20.1451
18.955433
19.614866
19.648531
19.365852
19.284523
18.83706
18.943882
19.13862
20.595634
18.917767
19.785498
19.451593
18.785263
19.013775
18.589819
19.268196
19.746239
19.89259
18.974245
18.594204
18.865772
19.958633
18.521584
19.938078
18.685303
20.076977
19.441837
19.643513
20.248564
19.841406
18.605247
21.570469
20.349014
19.896324
20.207558
19.529083
20.763859
19.541986
19.407501
20.561886
19.26039
18.864815
19.439861
21.375036
19.082884
19.720394
19.291786
19.516663
20.36088
20.547218
20.611181
20.842962
21.14498
19.576532
19.715565
20.507677
19.789885
20.10149
21.040333
19.869112
21.018517
19.215828
20.348076
21.196108
19.300068
20.267752
20.438688
18.827951
20.717514
20.83521
20.181404
18.91114
19.469954
19.169722
20.151613
20.938063
19.701553
19.997131
20.579998
20.118317
20.17769
19.17952
20.283722
19.687763
19.947983
21.221312
20.200872
20.14394
19.892704
19.968985
20.463177
19.615486
19.401237
19.652561
20.698792
20.410288
20.72201
19.146618
19.942024
19.96135
20.488636
20.205309
19.510725
19.623165
20.141447
20.754665
20.19188
20.525187
19.784077
19.792889
17.879622
19.100357
18.42729
18.923277
19.612328
20.249386
18.407034
18.404667
19.381027
20.660084
21.073664
20.344889
19.4372
18.957268
19.56813
19.219093
18.992785
20.528683
18.488224
20.617458
18.965567
20.998144
20.66531
20.395355
20.396172
20.695799
21.334951
20.741493
22.200567
21.465979
21.141169
20.840685
20.833477
21.194975
20.334482
20.49308
20.796316
21.457441
20.48161
21.27872
20.542925
20.33324
20.7678
21.049768
20.671154
19.140036
19.93053
21.273865
20.200804
21.004217
20.698895
20.62752
20.954079
20.391373
20.195053
20.01286
19.667086
20.378628
20.480825
20.786562
20.724976
19.649069
19.510065
19.559196
21.13964
19.70846
19.59258
19.133081
19.180948
20.065783
20.085688
19.079334
18.8574
19.885595
18.13733
19.685213
20.768812
19.897915
19.981634
18.960938
19.781763
19.291872
18.573254
19.682428
19.619888
20.330439
18.196022
20.58608
19.95399
18.644217
20.085724
19.551441
20.276365
20.794409
20.279392
20.139767
18.952024
19.70056
19.494156
19.666565
19.644157
20.67414
20.496964
19.846155
18.91357
19.336784
20.11839
18.4794
20.640516
18.820972
19.569765
18.051739
20.327036
20.450401
18.482935
19.593027
20.266838
20.315619
19.966967
20.466871
19.515852
18.65601
19.490818
19.079506
20.58671
19.915741
18.094864
19.719685
20.04298
20.171646
19.043806
20.153788
18.007767
18.899696
18.95409
20.763704
20.311775
19.565872
19.677351
18.477995
21.108154
19.81849
19.871103
20.811537
19.599611
20.27899
21.209223
18.57252
18.845484
20.160511
20.03194
21.51909
19.818764
20.276993
20.042187
20.737862
19.677717
20.94915
19.752901
20.28592
20.127563
21.296604
19.390486
20.605614
18.963118
19.759827
19.208778
20.185034
18.47638
19.053377
19.743774
20.650072
20.29691
20.527393
20.787153
19.074945
20.469357
20.43472
20.276386
21.383842
19.248083
19.225975
19.814526
19.448982
19.52782
20.91656
18.340109
19.57737
19.24373
19.754845
19.040894
19.748272
19.515547
19.317822
20.240433
20.910357
20.595482
20.316177
19.6646
19.98787
20.195969
20.011345
18.430294
19.367945
21.236786
20.317589
19.1688
18.688383
19.003368
19.84718
20.258755
21.066935
20.100613
18.521864
20.911978
19.831726
19.524525
19.85872
20.442755
21.548073
21.41388
20.325384
20.742006
20.631697
20.1316
21.402172
21.146004
20.874607
21.354944
21.307657
21.392647
19.963022
18.864681
18.506186
18.98946
18.962934
19.14108
19.4956
20.438555
18.630625
19.921394
20.921925
19.302273
19.28452
18.8959
19.857582
19.208107
19.605244
18.27974
19.475391
19.661142
19.117561
19.109715
18.10886
19.965342
19.162567
19.090313
19.210285
19.1982
20.219063
19.903107
20.676498
20.116606
18.509937
18.479223
20.359032
19.838337
18.943932
18.962461
18.508293
19.50269
19.611763
19.542582
17.979963
19.894464
19.430588
18.919117
18.82043
17.97717
19.440035
19.749128
19.11808
19.844587
20.06887
19.12829
18.357334
19.763416
18.061678
18.028622
19.856258
19.942123
18.60246
18.716942
19.381039
19.340954
19.923449
19.793207
18.69984
20.09083
19.514309
19.164875
19.851175
19.472246
19.895948
18.700756
18.934385
19.298445
18.695658
17.722147
21.066587
18.47214
19.691198
18.759304
20.95976
18.970837
19.361525
20.11915
19.098106
18.64601
19.395842
18.787952
19.909576
19.073442
20.17947
19.970577
19.082848
19.932947
20.296635
19.44771
18.66935
20.48073
19.665323
19.203394
20.036661
20.698835
20.39644
19.025696
20.67167
19.47239
20.905867
19.382542
19.78523
17.95741
20.267921
17.208193
20.107826
18.685356
18.914017
19.595669
19.614033
18.90324
20.280254
19.64335
19.403368
17.758419
20.139858
19.02341
18.995926
19.776781
19.996538
18.561584
18.049843
18.4267
19.665653
20.348251
19.468271
20.557278
18.951586
20.873678
20.382725
20.407284
18.985857
20.089712
20.540417
21.002972
20.594364
20.76063
19.545265
20.585602
20.416237
20.18192
20.5444
20.009996
20.552359
20.758657
21.201736
18.973076
20.639894
19.947088
20.336287
20.991688
20.970608
20.253098
20.062687
21.323933
20.208672
20.570576
19.4674
20.29028
21.235302
20.564632
19.774916
20.596867
20.11711
19.92399
21.579021
20.888426
20.164888
21.318924
19.37485
20.430618
21.039394
18.546083
20.628918
19.95218
20.64337
21.279202
19.686258
19.98831
19.755836
18.178133
19.530008
20.81664
19.955334
21.116047
21.438213
20.837673
21.063622
21.320084
19.15195
21.315449
19.507706
19.587366
20.288944
20.435303
20.365566
20.100012
20.487926
20.051666
19.561987
19.184378
19.974615
20.776146
19.910091
20.758331
19.492262
20.042303
19.050678
21.08801
20.325382
19.996756
20.084248
21.158245
19.36958
19.101286
20.137432
18.983868
18.786407
19.052107
18.673336
18.88899
19.520731
19.79584
20.733047
18.12911
18.380943
19.686066
19.364658
19.897026
19.549843
18.47415
20.411024
17.997364
18.279703
20.785145
18.134386
20.445139
19.53667
19.517605
19.078905
18.086977
19.16312
19.036919
18.597933
20.555725
19.158558
18.559778
19.982885
19.559736
21.13794
19.920696
20.45577
20.196648
19.405783
19.570406
19.79372
19.84584
19.22504
20.050623
19.874645
19.606836
20.831482
19.14258
19.875862
19.483753
19.720589
20.188614
20.089066
20.601074
19.975428
19.558794
19.637072
20.697126
19.73411
18.956078
19.746212
20.216303
20.075817
19.310658
19.826988
18.95388
19.567234
19.836632
19.998434
18.479527
20.308397
20.7044
22.182123
20.055418
19.91983
19.165775
18.348354
20.498024
18.005432
19.716469
20.090809
19.98696
20.709549
19.737413
19.035225
21.343624
19.870373
19.336792
20.025654
19.941767
19.346325
18.215239
19.301144
18.911627
18.957426
19.102081
19.522665
20.583513
19.532106
19.504822
21.139648
20.46003
20.94081
18.578588
18.570072
18.728441
19.77594
22.154686
20.746708
19.131842
19.274641
19.458918
19.626976
18.382488
20.406021
21.735424
18.468544
20.413372
19.058035
20.840824
19.76291
19.566296
18.079975
20.468616
19.65004
18.540575
19.915941
19.473576
20.548553
19.940742
18.597746
20.09054
20.240913
20.65359
19.602196
19.281113
20.293568
21.377266
20.405422
21.513502
19.55849
20.747196
20.12672
20.511108
20.62379
20.072529
19.278393
19.399216
19.0401
20.747936
19.154709
19.72625
19.492664
19.038044
19.522398
19.371588
19.109509
18.49109
18.0568
19.907171
20.67514
20.606611
20.33964
20.110838
19.947567
18.33856
19.493498
18.644995
19.165958
20.143099
18.579338
18.953491
17.759281
19.200926
18.945143
19.470535
18.982273
20.620707
18.86274
19.139948
20.146875
17.455004
20.03784
18.713554
19.19936
17.65488
17.004562
18.423845
19.213749
19.721907
20.206144
19.312895
19.969536
18.283607
18.085548
20.072725
20.29438
17.59206
19.862589
20.711224
19.47077
20.869654
19.32669
20.781273
20.354397
20.885275
18.4212
20.25505
20.932816
18.16765
22.045898
20.100534
20.153484
19.698769
19.320957
20.384218
20.28402
18.434555
20.673336
20.373957
20.125046
20.149603
20.228834
20.813293
21.379742
18.689095
18.880505
19.181978
19.790806
20.117044
17.565681
20.695818
19.61702
18.602522
19.140467
19.113007
20.019775
19.625011
21.298904
19.91276
18.942179
19.199903
19.923523
20.34599
18.557392
21.51802
20.09497
20.65447
18.859116
